# boxSizeX = 100
# boxSizeY = 100
# rectangularMaxSizeX = 20
# rectangularMaxSizeY = 20
# rectangularMinSizeX = 1
# rectangularMinSizeY = 1
91 23 4 7
58 82 14 16
2 40 10 2
23 31 11 20
72 36 1 7
71 49 12 9
82 13 3 11
74 32 8 16
59 37 3 19
37 58 14 17
68 38 10 14
62 72 5 18
53 46 16 11
84 73 12 1
22 31 3 11
59 22 6 6
82 84 17 6
36 82 14 18
66 32 3 6
59 86 15 5
33 10 8 9
87 59 9 5
12 69 15 20
7 12 17 9
66 89 7 7
79 28 16 11
35 29 8 2
57 12 18 13
8 41 2 1
59 36 6 10
31 4 1 10
14 57 18 12
39 70 10 8
28 2 18 14
31 44 7 4
24 27 9 12
38 9 4 20
24 14 9 16
74 88 17 4
5 42 7 12
35 64 20 9
91 40 2 11
60 82 15 5
15 63 8 17
66 51 8 6
45 4 13 12
49 1 16 8
39 12 19 16
83 56 16 14
8 48 4 12
67 19 17 5
26 52 14 19
24 0 5 19
32 45 10 18
78 50 5 4
82 47 11 20
65 29 5 11
63 90 15 7
61 51 3 5
38 83 16 5
13 63 3 9
22 26 7 9
68 61 12 11
52 5 2 11
44 42 1 17
26 61 3 6
14 9 3 19
86 36 3 5
27 73 13 20
73 8 9 12
97 74 2 11
99 96 1 4
75 69 20 17
59 91 14 9
42 38 7 7
36 54 11 5
81 57 17 8
50 58 20 19
7 17 9 13
78 77 17 11
25 93 7 2
53 4 2 16
64 67 2 5
5 63 1 8
27 58 8 11
22 5 1 5
66 56 17 2
24 82 13 13
62 49 6 6
98 7 1 3
28 20 19 11
4 64 10 2
50 74 13 16
69 1 20 10
10 42 11 16
76 37 20 5
2 25 2 8
96 39 2 15
82 2 5 3
90 75 5 2
